# minimal_valid_fraction ::  30.00
# operating on Ensemble-median sea-surface temperature anomalies from the HadSST.4.0.0.0 data set
# <a href=http://climexp.knmi.nl/select.cgi?field=hadsst4>climexp.knmi.nl/select.cgi?field=hadsst4</a>
# file :: UKMOData/HadSST.4.0.0.0_median.nc
# title :: spatial statistic of Ensemble-median sea-surface temperature anomalies from the HadSST.4.0.0.0 data set
# comment :: 
# institution :: KNMI Climate Explorer and Met Office
# reference :: Kennedy et al. (2019), https://www.metoffice.gov.uk/hadobs/hadsst4
# source :: surface observation
# version :: HadSST.4.0.0.0
# geospatial_lat_max ::     90.0
# geospatial_lon_min ::   -180.0
# geospatial_lon_units :: degrees_east
# geospatial_lon_resolution ::      5.0
# time_coverage_start :: 1850-01-15
# time_coverage_end :: 2018-12-15
# climexp_url :: https://climexp.knmi.nl/select.cgi?hadsst4
# scripturl01 :: http://climexp.knmi.nl/get_index.cgi?email=$id&field=hadsst4&gridpoints=false&intertype=nearest&minfac=30
# history ::  2020-02-24 17:48:18 bin/get_index UKMOData/HadSST.4.0.0.0_median.nc 0 360 -90 90 dipole no minfac 30 nearest hadsst4_0-360E_-90-90N_n\nConverted to netcdf today
# ave_region :: lon= -360.000    0.000, lat=  -90.000   90.000
# averaging anomalies over region lon= -360.000    0.000, lat=  -90.000   90.000
# tos [K] Sea water temperature anomaly at a depth of 20cm
 1853 -0.1494026     -0.1300944     -0.2529950E-01  -999.9000     -0.1520861     -0.7568548E-01  0.1674707E-01 -0.9633417E-01 -0.2644987     -0.2943318     -0.1177815     -0.2407501    
 1854 -0.1723947     -0.2099209     -0.1590547     -0.1918760     -0.1872985     -0.9269011E-01 -0.2125188     -0.1142397     -0.4899444E-01 -0.2047592     -0.2664123     -0.4221317    
 1855 -0.1087319     -0.1343605     -0.1252244     -0.2311200     -0.3537523     -0.2303245     -0.1957566     -0.6476416E-01 -0.1964038     -0.8541866E-01 -0.1103472     -0.9676368E-01
 1856 -0.4480504E-01 -0.1828961     -0.1440934     -0.2646941     -0.3325641E-01 -0.2072609     -0.2699744     -0.1743149     -0.2640117     -0.2795413     -0.3816686     -0.5186135    
 1857 -0.3616662     -0.3217360     -0.4742301     -0.3792133     -0.3440522     -0.2299490     -0.3998984     -0.2691366     -0.2570741     -0.3302519     -0.4327991     -0.3060512    
 1858 -0.3901331     -0.3427720     -0.3630595     -0.4413951     -0.5350546     -0.4322877     -0.2315408     -0.1730540     -0.2308396     -0.1565751     -0.2121906     -0.3498122    
 1859 -0.3065105     -0.2557657     -0.2909288     -0.8857295E-01 -0.1680368     -0.1067718     -0.2404844     -0.1136986     -0.3588271     -0.1920224      -999.9000     -0.6753558E-01
 1860 -0.1196719      -999.9000      -999.9000     -0.1456069     -0.2131678      -999.9000      -999.9000      -999.9000      -999.9000      -999.9000      -999.9000      -999.9000    
 1872  -999.9000      -999.9000      -999.9000      -999.9000      -999.9000      -999.9000      -999.9000      -999.9000      -999.9000      -999.9000      -999.9000     -0.2056079    
 1874  -999.9000      -999.9000      -999.9000      -999.9000      -999.9000      -999.9000      -999.9000      -999.9000      -999.9000     -0.4494793      -999.9000      -999.9000    
 1876  -999.9000      -999.9000      -999.9000      -999.9000      -999.9000     -0.2951176     -0.1290504      -999.9000      -999.9000      -999.9000      -999.9000      -999.9000    
 1877  -999.9000      -999.9000      -999.9000      -999.9000      -999.9000      -999.9000      -999.9000      -999.9000      0.1627618      -999.9000      -999.9000      0.1853675    
 1878  0.3317962      -999.9000      -999.9000      -999.9000      -999.9000      -999.9000      -999.9000      0.1736647E-01 -0.2104720E-01  -999.9000     -0.2148046     -0.1413320    
 1879 -0.9263702E-01 -0.5668005E-01 -0.3398116E-01 -0.7659484E-01 -0.1252390     -0.1237877     -0.1493275     -0.6885593E-01 -0.1185880     -0.1145078     -0.1784690     -0.2407964    
 1880 -0.1678609     -0.7733797E-01  0.5319805E-01 -0.1460606E-01 -0.2224535     -0.2652693     -0.1345918     -0.6600450E-01 -0.1598830     -0.1439027     -0.1169824     -0.9438074E-01
 1881 -0.3150820E-01 -0.4729272E-01  0.3210993E-01  0.1244191E-01  0.2290277E-01 -0.4803131E-01 -0.5688471E-01 -0.8355233E-01 -0.2251611     -0.1314966     -0.1783128     -0.1147415    
 1882 -0.7518942E-01 -0.5863103E-01 -0.9072131E-01 -0.9957163E-01 -0.1994013     -0.1488833     -0.7006171E-01 -0.1931510     -0.1180912     -0.2039775     -0.7841375E-01 -0.2654942    
 1883 -0.1402489     -0.8262220E-01 -0.9909914E-01 -0.2019304     -0.1193054     -0.7380396E-01 -0.1164796     -0.1387756     -0.2194818     -0.3301202     -0.2135186     -0.2960814    
 1884 -0.3349436     -0.1248377     -0.2691795     -0.2490283     -0.2134626     -0.2929089     -0.3106000     -0.3043240     -0.2821054     -0.2577653     -0.4094340     -0.3193612    
 1885 -0.2522832     -0.2721141     -0.3428355     -0.3168783     -0.3537027     -0.3365757     -0.2461016     -0.3629864     -0.2734022     -0.1542164     -0.1414315     -0.1563693    
 1886 -0.2187248     -0.2575781     -0.2082167     -0.2615396     -0.1176607     -0.2897291     -0.2343816     -0.2980411     -0.4068019     -0.3078853     -0.3349519     -0.4491100    
 1887 -0.4450394     -0.4614385     -0.4021499     -0.3506087     -0.3939225     -0.3128520     -0.2189462     -0.2713996     -0.3770214     -0.3243943     -0.3520107     -0.2953155    
 1888 -0.3474555     -0.2676505     -0.2561805     -0.1743008     -0.1668080     -0.1627112     -0.2295535     -0.2182690     -0.1920064     -0.4149666E-01 -0.4889700E-01 -0.2467860E-01
 1889  0.1356153      0.5233695E-01  0.4113625E-01  0.3169750E-01 -0.6074003E-01 -0.7588476E-01 -0.9886497E-01 -0.1710907     -0.2826209     -0.2335932     -0.1890754     -0.2018296    
 1890 -0.3055723     -0.2677732     -0.3395004     -0.3017507     -0.2653852     -0.3292716     -0.3893545     -0.4050627     -0.4985147     -0.4621737     -0.4132546     -0.2869992    
 1891 -0.3561431     -0.2557416     -0.1931174     -0.1658662     -0.4975300E-01 -0.1113029     -0.1727269     -0.1932953     -0.1519566     -0.1985267     -0.3051935     -0.2027580    
 1892 -0.1773186     -0.9892038E-01 -0.2502305     -0.2587852     -0.2521552     -0.3447174     -0.4096223     -0.4239739     -0.3916362     -0.4675913     -0.4618408     -0.5178529    
 1893 -0.3867392     -0.3095563     -0.2744424     -0.4149310     -0.4419250     -0.3628793     -0.1929166     -0.2162787     -0.4229363     -0.2320165     -0.3825104     -0.3318648    
 1894 -0.4015628     -0.3901733     -0.4129506     -0.3156775     -0.4205004     -0.4118952     -0.2114507     -0.3065493     -0.3212059     -0.4051986     -0.3350117     -0.3509214    
 1895 -0.2390452     -0.2602023     -0.3698705     -0.3515303     -0.3476063     -0.2464192     -0.2003121     -0.1995790     -0.2809665     -0.2601129     -0.1505880     -0.2610022    
 1896 -0.1798507     -0.1724942     -0.1446230     -0.1029289     -0.1505108     -0.7270557E-01 -0.3457445E-01  0.1524685E-01 -0.2044681E-01 -0.1824834      0.6777230E-02  0.4649671E-01
 1897 -0.2356262E-02 -0.1918255E-01  0.9245793E-01  0.1535418E-01 -0.5982192E-01 -0.9541431E-01 -0.1075419     -0.1174233     -0.2355191     -0.2662351     -0.3237070     -0.3341626    
 1898 -0.2690657     -0.2981081     -0.3239210     -0.4465961     -0.3921975     -0.2779491     -0.3134803     -0.3124586     -0.3524823     -0.4771105     -0.4001426     -0.4309266    
 1899 -0.2673234     -0.2866722     -0.3445160     -0.2727970     -0.1923082     -0.2624361     -0.2155855     -0.8969897E-01 -0.1862306     -0.1943382     -0.1848269     -0.2840705    
 1900 -0.1490189      0.1211351E-02 -0.1780428     -0.8097518E-01 -0.2637070     -0.1433622     -0.1089464     -0.1693661     -0.1612398     -0.1728294     -0.1883394     -0.1605864    
 1901 -0.1435520     -0.1967271     -0.3208790     -0.2359265     -0.1942118     -0.2494762     -0.2741413     -0.2490544     -0.3890373     -0.3215550     -0.3831188     -0.4087780    
 1902 -0.3809150     -0.3453641     -0.3698546     -0.3244229     -0.3597622     -0.4004408     -0.3508482     -0.4009942     -0.3664443     -0.4055869     -0.3737606     -0.2974088    
 1903 -0.3308401     -0.3407296     -0.3433935     -0.4536237     -0.4097821     -0.5112963     -0.4638528     -0.6420423     -0.5578244     -0.6473452     -0.6290005     -0.5712085    
 1904 -0.6085885     -0.6305205     -0.5949989     -0.4929106     -0.5269799     -0.5058171     -0.4702384     -0.4988419     -0.4660621     -0.5116831     -0.5012954     -0.4512221    
 1905 -0.4376805     -0.4571445     -0.4117334     -0.4313132     -0.3113639     -0.3051732     -0.2225311     -0.3135459     -0.4044425     -0.3673820     -0.3556931     -0.2820976    
 1906 -0.1437525     -0.1564057     -0.1860117     -0.2041823     -0.4420655     -0.3163829     -0.2896821     -0.3419443     -0.4121544     -0.4106356     -0.4110141     -0.4198079    
 1907 -0.3377133     -0.4017330     -0.3242583     -0.3345055     -0.3631659     -0.4244885     -0.3413071     -0.4333175     -0.4251877     -0.4580054     -0.4735634     -0.4943511    
 1908 -0.4750426     -0.4370941     -0.4981555     -0.4868673     -0.4440311     -0.4656981     -0.4422196     -0.4894683     -0.5541373     -0.5600030     -0.5532477     -0.6069824    
 1909 -0.5004767     -0.5237061     -0.5862917     -0.4705742     -0.4682804     -0.4931819     -0.5579962     -0.3954901     -0.4822480     -0.5521276     -0.5863036     -0.5718019    
 1910 -0.4526520     -0.5274981     -0.5153904     -0.4656924     -0.4688460     -0.4830725     -0.5129255     -0.4908830     -0.5004890     -0.4864230     -0.5662913     -0.6255897    
 1911 -0.4743537     -0.6446165     -0.5854569     -0.6476265     -0.5847867     -0.5336811     -0.5129135     -0.4892209     -0.4548700     -0.4333304     -0.4027723     -0.3196741    
 1912 -0.2686991     -0.3209790     -0.1790027     -0.2445132     -0.3259394     -0.3008305     -0.3219302     -0.4559156     -0.5159628     -0.5259412     -0.5164030     -0.5060305    
 1913 -0.4735122     -0.3624747     -0.4635495     -0.4399193     -0.3624390     -0.4435821     -0.4125178     -0.4371373     -0.4202333     -0.3934546     -0.3944067     -0.3672282    
 1914 -0.3224548     -0.3170477     -0.3351171     -0.3181642     -0.3028160     -0.3062549     -0.3088259     -0.2555231     -0.3387263     -0.1635206     -0.9846083E-01 -0.2386335    
 1915 -0.1798099     -0.2761919     -0.7885277E-01 -0.1248495     -0.1367721     -0.1121337     -0.1069556     -0.1311982E-01 -0.1632922     -0.2492378     -0.2018164     -0.3481023    
 1916 -0.3266605     -0.2206492     -0.3286358     -0.3002714     -0.2896662     -0.3536122     -0.2877483     -0.3640030     -0.3780934     -0.4299840     -0.5340579     -0.4783665    
 1917 -0.6230963     -0.4780948     -0.6120539     -0.4151880     -0.4485177     -0.3475704     -0.2419684     -0.2164737     -0.1963116     -0.3707202     -0.5011489     -0.4429787    
 1918 -0.4794806     -0.5261620     -0.4405781     -0.4477328     -0.2999899     -0.3993766     -0.3612079     -0.4255952     -0.3487804     -0.3140885     -0.1296648     -0.2193967    
 1919 -0.1463295     -0.8268595E-01 -0.2562687     -0.1648928     -0.2419879     -0.3450431     -0.3921908     -0.4152564     -0.3949962     -0.4214722     -0.4592125     -0.5105981    
 1920 -0.3574856     -0.2989145     -0.1774016     -0.2737764     -0.2094836     -0.1686016     -0.2505302     -0.2576786     -0.2110867     -0.1284889     -0.2029031     -0.2443549    
 1921 -0.3359693     -0.1771488     -0.3034323     -0.2345774     -0.2850171     -0.1986615     -0.1295747     -0.1948346     -0.1361375     -0.1137700     -0.2105919     -0.1767729    
 1922 -0.2925964     -0.1459377     -0.1841239     -0.2290852     -0.4104018     -0.3139512     -0.2067621     -0.3241921     -0.3119077     -0.3444908     -0.3361031     -0.3446674    
 1923 -0.3415925     -0.3221388     -0.3905253     -0.1898129     -0.2370416     -0.2448528     -0.2671495     -0.3231384     -0.3457378     -0.2958275     -0.1317698     -0.1142877    
 1924 -0.2166118     -0.1301805     -0.2121758     -0.1135947     -0.1463297     -0.2056159     -0.1984189     -0.2665833     -0.3336722     -0.3482723     -0.4402433     -0.5167523    
 1925 -0.4247799     -0.3666673     -0.2280621     -0.3348152     -0.1373281     -0.1853500     -0.1330763     -0.1356126     -0.1824361     -0.2121372     -0.1139038     -0.1457372    
 1926 -0.5129377E-01 -0.1681398     -0.6270020E-01 -0.2941561E-01 -0.8763545E-01 -0.3928035E-01 -0.1265530     -0.7007606E-01 -0.1040180     -0.3996098E-01 -0.1554734     -0.1533951    
 1927 -0.1674055     -0.1358080     -0.2432353     -0.1646068     -0.1763284     -0.2343209     -0.1391823     -0.9123695E-01 -0.1800356     -0.1340662     -0.1497242     -0.1715428    
 1928 -0.8616079E-01 -0.1454453     -0.2174084     -0.1513132     -0.2228675     -0.2385580     -0.1303262     -0.1594348     -0.2379028     -0.2082324     -0.2607357     -0.3432129    
 1929 -0.3449234     -0.3289438     -0.3682561     -0.2653738     -0.3271553     -0.2691611     -0.3180499     -0.1989262     -0.2406385     -0.2529722     -0.1506406     -0.2486124    
 1930 -0.2805356     -0.3073646     -0.2143064     -0.1302660     -0.1321582     -0.1790061     -0.1135283     -0.6826361E-01 -0.4494002E-01 -0.6909255E-02  0.2534637E-02 -0.5261245E-01
 1931  0.1612208E-01 -0.4697648E-01 -0.3759185E-01 -0.6336322E-01 -0.4380933E-01 -0.1627809E-01 -0.3461778E-01 -0.3643080E-01 -0.6284049E-01 -0.1582129     -0.1624415     -0.2021336    
 1932 -0.1611556     -0.1005139     -0.9892421E-01 -0.1393527     -0.1225506     -0.2038775     -0.1084561     -0.1981143     -0.7675643E-01 -0.2304989     -0.2158971     -0.1702546    
 1933 -0.1455696     -0.1501853     -0.2249403     -0.1362792     -0.1784760     -0.2211666     -0.1921727     -0.1904935     -0.3151165     -0.2447709     -0.3051051     -0.3686962    
 1934 -0.2544097     -0.3527384     -0.3412913     -0.1829164     -0.1930448     -0.3138933E-01 -0.3856234E-01 -0.6576847E-01 -0.5337373E-01 -0.1668797     -0.1007790     -0.2138514    
 1935 -0.1560728     -0.1881533     -0.2832029     -0.8181001E-01 -0.1840103     -0.1445583     -0.1307886     -0.1787388     -0.1642990     -0.1526226     -0.1948173     -0.2380642    
 1936 -0.2144098     -0.1148578     -0.2200308     -0.1243734     -0.1509151     -0.1436561     -0.9355922E-01 -0.7159930E-01 -0.9716070E-01 -0.5989271E-01 -0.1728180     -0.1426045    
 1937 -0.9437323E-01  0.4734425E-02 -0.4639630E-01  0.4629549E-02 -0.3849149E-01  0.1018185E-02  0.1204721      0.7488882E-01  0.6301340E-01  0.2035986E-01 -0.2046416E-01 -0.1680236E-01
 1938 -0.6597929E-01 -0.1034248E-01 -0.4676319E-01 -0.7183357E-01 -0.1183344     -0.6456316E-01 -0.1502220E-01 -0.1090512E-01 -0.6655035E-01 -0.2518434E-01 -0.1450979     -0.2409227    
 1939 -0.1532032     -0.1032895     -0.1622990     -0.8483401E-01 -0.6094675E-01  0.9019783E-02  0.4733191E-01  0.2308186E-01  0.8313302E-01 -0.1346366     -0.7322319E-01 -0.8889157E-01
 1940  0.3288765E-02 -0.1871439E-01 -0.1589952E-01  0.3676073E-01  0.1213985      0.1942877E-01  0.1167765      0.6732568E-01  0.1426488E-01  0.6138762E-01 -0.1327204E-01  0.1003363    
 1941 -0.4618907E-01 -0.4849785E-01 -0.2890758E-01  0.7582501E-01 -0.2377407E-01  0.8664340E-01  0.8853443E-01  0.4414886E-02 -0.4143087E-01  0.2002649      0.1634578      0.2124056    
 1942  0.2329989      0.2109719      0.1771988      0.1019897      0.1853794      0.1168335      0.1372970      0.2208489E-01 -0.6071921E-02 -0.5511502E-01 -0.6009334E-01 -0.7114416E-01
 1943 -0.1049680E-01 -0.3094427E-01 -0.6768942E-01  0.3548770E-01  0.3497487E-01  0.1080190      0.9286287E-01  0.2372391      0.6641455E-01  0.1223040      0.9382230E-01  0.1645471    
 1944  0.1082068      0.1594131      0.2048755      0.1977797      0.2467109      0.2266558      0.3344636      0.3231843      0.2348194      0.2220807      0.1028990      0.2341299    
 1945  0.2361414      0.2426023      0.1913730      0.2148380      0.1413109      0.2166206      0.2244503      0.2454254      0.2519035      0.2529011      0.2515904      0.2188943    
 1946  0.1587197      0.2160489E-01  0.1718744      0.1141355     -0.3192458E-01 -0.1658573     -0.4587130E-01 -0.1304493     -0.4927536E-01  0.4567913E-01 -0.7818150E-01 -0.1796307    
 1947 -0.1614071E-01 -0.1349529     -0.1338282      0.1699023E-01 -0.1136785     -0.4393100E-01  0.1312224E-01 -0.7032937E-01 -0.1608591     -0.2339325     -0.8356844E-01 -0.1503628    
 1948 -0.1324555     -0.1559200      0.1729011E-01 -0.8580866E-01  0.4481616E-01  0.1994414E-01 -0.1005899     -0.6158091E-02 -0.1734237     -0.1278498     -0.1490632     -0.1420509    
 1949 -0.1033132E-02 -0.6645599E-02 -0.8493894E-01  0.2351238E-01 -0.9007677E-02 -0.1436800     -0.2455506E-01 -0.3274887E-01 -0.1068738     -0.1270180     -0.1372797     -0.8980687E-01
 1950 -0.8299971E-01 -0.1461995     -0.1194145     -0.7248189E-01 -0.2654802E-01 -0.6354662E-01  0.9405965E-01  0.1523567E-01 -0.9309430E-01 -0.7412266E-01 -0.1533329     -0.2078655    
 1951 -0.1412608     -0.1548295     -0.1647285     -0.7072042E-01 -0.3616832E-02  0.1715075      0.1612728      0.1955116      0.7899182E-01  0.1478670      0.2044870E-01  0.5783443E-01
 1952  0.1297902      0.1806086      0.1076605      0.1515093      0.1375916      0.1274761      0.1185312      0.1050654      0.7129313E-01  0.1025170      0.4458157E-01  0.3084565E-01
 1953  0.3916363E-01  0.1184975      0.9408908E-01  0.1837936      0.2250028      0.1747444      0.1740813      0.8677897E-01  0.9579416E-01  0.5593691E-01  0.5388182E-01  0.7535210E-01
 1954  0.4977683E-01  0.5505838E-01  0.2650423E-01 -0.5947566E-01 -0.6422181E-01 -0.6998541E-01 -0.1483275     -0.1033307     -0.1074340     -0.1284020     -0.1053996     -0.1620279    
 1955 -0.4496093E-01 -0.1043748     -0.6242041E-01 -0.1152162     -0.1997693     -0.2015995     -0.1014143     -0.1021081     -0.1425440     -0.2583441     -0.2241699     -0.2005393    
 1956 -0.1152359     -0.1255550     -0.1478813     -0.1373786     -0.1456313     -0.1877078     -0.1644279     -0.1729238     -0.2121774     -0.1753681     -0.1790746     -0.1283830    
 1957 -0.1244223     -0.4817321E-01 -0.1380975E-01  0.6604455E-02  0.1578550      0.1000728      0.1526781      0.1226479      0.3356339E-01 -0.7410312E-02  0.3803799E-01  0.5370920E-01
 1958  0.1110295      0.1414320      0.1081394      0.5634593E-01  0.5252320E-01  0.8278396E-01  0.5461593E-01  0.6817299E-01  0.3899405E-01  0.2330475E-02 -0.2478522E-01  0.4219886E-01
 1959  0.4233515E-01  0.3868467E-01  0.2653752E-02  0.4843204E-01  0.8665457E-01  0.2770871E-03  0.4840394E-01  0.2059050E-01 -0.7805282E-02 -0.6487239E-02 -0.8646238E-01 -0.7697937E-01
 1960 -0.6042001E-01 -0.7136567E-01 -0.3876195E-01 -0.6403966E-01 -0.1485094E-01 -0.8338546E-01  0.4497286E-01 -0.3228970E-03  0.1451834E-01 -0.8294685E-01 -0.7739221E-01 -0.3940213E-01
 1961  0.2748496E-02  0.8204097E-01  0.3602943E-01  0.6570567E-01  0.7068520E-01  0.8329880E-01  0.2791856E-01  0.1234392E-01 -0.1136869     -0.5268017E-01 -0.6380118E-01 -0.8389328E-01
 1962 -0.4510410E-01 -0.2589413E-01 -0.5020363E-01 -0.3074367E-01 -0.3538324E-01 -0.6683981E-01  0.1611642E-01 -0.3332454E-01 -0.5515909E-01 -0.5900392E-01 -0.9806819E-01 -0.1225859    
 1963 -0.1098150     -0.9394063E-01 -0.9599004E-01 -0.1522383E-01  0.2318658E-01 -0.1003938E-01  0.7487229E-01  0.1169623      0.2474231E-01  0.2527196E-01  0.3308494E-01  0.8031248E-02
 1964 -0.7592788E-01 -0.7328061E-01 -0.1451873     -0.1568463     -0.1661294     -0.9538662E-01 -0.1505820     -0.3030521     -0.3148538     -0.2642245     -0.3650580     -0.3764917    
 1965 -0.2234298     -0.2029888     -0.2707122     -0.1983021     -0.1899597     -0.1855137     -0.2017653     -0.1544458     -0.1167603     -0.1138903     -0.1060341     -0.9031598E-01
 1966 -0.6424700E-01 -0.6414112E-01 -0.5717333E-01  0.9121895E-03 -0.1383248     -0.7197735E-01 -0.1917504E-02 -0.5934083E-01 -0.9793227E-01 -0.1043161     -0.6913063E-01 -0.4878506E-01
 1967 -0.1458665     -0.1319805     -0.1062510     -0.1254441     -0.3061590E-01 -0.4253381E-01 -0.5881876E-01 -0.8303222E-01 -0.1426924     -0.1798701     -0.1663452     -0.2665519    
 1968 -0.2556641     -0.2908015     -0.2844940     -0.2022706     -0.1668385     -0.6866252E-01 -0.8129007E-01 -0.6510268E-01 -0.7285958E-01 -0.3101439E-01 -0.2887060E-01  0.5612598E-01
 1969  0.1074215      0.9948041E-01  0.1049054      0.1183707      0.1656156      0.4626251E-01 -0.5150218E-01 -0.4642297E-02 -0.3103003E-01 -0.3995414E-01 -0.2543207E-01  0.1120262E-01
 1970  0.7512885E-01 -0.1075956E-01 -0.1581894E-01 -0.1179837E-02 -0.3587805E-01 -0.1143676     -0.1125004     -0.1212042     -0.1289720     -0.9193523E-01 -0.9645953E-01 -0.1301503    
 1971 -0.1685078     -0.2387822     -0.2760827     -0.1828543     -0.1943220     -0.2321821     -0.1502250     -0.2453244     -0.2348159     -0.2371276     -0.2231744     -0.3111716    
 1972 -0.1218928     -0.7113753E-01 -0.1002436     -0.2113038E-01  0.3701638E-02 -0.1241412E-02  0.4626984E-01 -0.6939594E-02 -0.1598248E-02  0.1534214E-01  0.1264356      0.2466695    
 1973  0.1932929      0.1377812      0.1519206      0.1121915      0.6181088E-01  0.6197090E-01  0.7761806E-01  0.3811860E-01 -0.1754686E-01 -0.5872354E-01 -0.7503355E-01 -0.1435870    
 1974 -0.1806005     -0.1965293     -0.1833005     -0.1308506     -0.1151904     -0.9267241E-01 -0.9563610E-01 -0.1958925E-02 -0.3683791E-01 -0.9629720E-01 -0.1126734     -0.1065372    
 1975 -0.1065339     -0.4495002E-01 -0.8517400E-01 -0.8779103E-01 -0.4531191E-01 -0.8990216E-01 -0.3873619E-01 -0.7976420E-01 -0.1567502     -0.1825409     -0.2532482     -0.2856737    
 1976 -0.2649011     -0.1880646     -0.1481847     -0.1543479     -0.1930447     -0.1289927     -0.2001627E-01 -0.8574219E-01 -0.1094371     -0.3205589E-01  0.3829706E-01  0.8975352E-01
 1977  0.1763643      0.1367500      0.1250786      0.1049715      0.1132446      0.1303112      0.1223711      0.8524209E-01  0.1172270      0.9787630E-01  0.7759927E-01  0.2405587E-01
 1978  0.1372968      0.8807561E-01  0.1089326      0.2585517E-01  0.7570398E-01  0.3389663E-01  0.7145722E-01  0.1280241E-02  0.6016208E-01 -0.2540721E-01  0.6969489E-01  0.7913335E-01
 1979  0.1566548      0.1450407      0.1609904      0.2158280      0.1081923      0.1881319      0.1932294      0.1737028      0.1678903      0.1711529      0.2298071      0.2606729    
 1980  0.2851000      0.2717379      0.2936126      0.2275338      0.1738915      0.1826445      0.1809650      0.1319908      0.9410365E-01  0.4319279E-01  0.1127370      0.1265191    
 1981  0.1069326      0.8336172E-01  0.1477953      0.1617350      0.1718939      0.2135973      0.2127238      0.1363015      0.1536559      0.1244809      0.1056041      0.1798460    
 1982  0.1651152      0.1024985      0.9314772E-01  0.1328315      0.1750604      0.1210659      0.9569392E-01  0.5647185E-01  0.1167821      0.1772374      0.1837592      0.2014967    
 1983  0.3304060      0.3087738      0.2560791      0.2654245      0.2736005      0.2839616      0.2368674      0.2070353      0.1824551      0.1481591      0.1359522      0.1378116    
 1984  0.1526296      0.1500463      0.1281483      0.1316638      0.1002226      0.6029826E-01  0.7871651E-01  0.1029932      0.1634903      0.2105599E-01  0.4403073E-01  0.1507332E-01
 1985  0.7253119E-01  0.1043155      0.8216419E-01  0.5403025E-01  0.1039174      0.5470341E-01  0.1047719      0.6902830E-01  0.8767319E-01  0.9369612E-01  0.3881121E-01  0.7973202E-01
 1986  0.5125095E-01  0.1180632      0.8251029E-01  0.9891023E-01  0.1058526      0.1340882      0.1314576      0.8559947E-01  0.1313598      0.1605067      0.1314946      0.9814080E-01
 1987  0.1384899      0.1689507      0.2128302      0.2016885      0.2472311      0.2508399      0.3325199      0.3653161      0.3428499      0.2915874      0.3557191      0.3029067    
 1988  0.3833095      0.3581248      0.3250391      0.3161834      0.2806135      0.2709562      0.2691470      0.2421068      0.1946190      0.1502053      0.8683309E-01  0.3470022E-01
 1989  0.1132940      0.1398758      0.1411740      0.1929743      0.1854420      0.1950010      0.3059058      0.3174702      0.2374123      0.1885917      0.2189340      0.2028993    
 1990  0.2356896      0.3332974      0.3387863      0.3959843      0.3624213      0.3169287      0.3599606      0.3197484      0.2890876      0.3620699      0.2833873      0.3021079    
 1991  0.3356681      0.3011832      0.3183759      0.4003717      0.3979712      0.3048823      0.4005250      0.3427583      0.2439032      0.2031097      0.1901544      0.2232513    
 1992  0.2716314      0.2852269      0.2878819      0.2911733      0.3094484      0.3019423      0.2098263      0.1487351      0.1206445      0.7722215E-01  0.7222165E-01  0.1024183    
 1993  0.3000460      0.2325052      0.2472469      0.2286572      0.2954627      0.3132180      0.2418759      0.2010038      0.2210242      0.1685301      0.2453156      0.1496189    
 1994  0.2265633      0.2080885      0.2885326      0.2643905      0.3235907      0.2737886      0.3099836      0.3144990      0.2387506      0.3017326      0.3107390      0.2856641    
 1995  0.3298282      0.3915247      0.3686432      0.3300796      0.3177931      0.3759342      0.4623415      0.3910112      0.2616146      0.2751972      0.2895029      0.2180734    
 1996  0.2435561      0.3329155      0.3221985      0.3243774      0.3108186      0.2866723      0.2970648      0.2794961      0.2342480      0.2098254      0.1867641      0.2266932    
 1997  0.2269923      0.2855505      0.3478407      0.3085589      0.3941631      0.4915865      0.5469766      0.5264338      0.5496688      0.5845912      0.5852030      0.6012413    
 1998  0.5699576      0.6225010      0.6165972      0.6519682      0.6439411      0.6170262      0.6711729      0.6057580      0.3790208      0.3869658      0.4094906      0.3740216    
 1999  0.2750717      0.3380794      0.3899334      0.3872330      0.3402270      0.3398284      0.3564588      0.2867984      0.2878353      0.2282184      0.2523665      0.2316643    
 2000  0.2623852      0.2670456      0.2916875      0.3393572      0.3132033      0.3271282      0.3333118      0.3745783      0.3445434      0.3149066      0.3425510      0.2384373    
 2001  0.3129157      0.3575496      0.4542590      0.4557960      0.3906905      0.4982052      0.4949894      0.4854678      0.4472090      0.4225421      0.4189936      0.3632992    
 2002  0.4447770      0.4317077      0.5461518      0.5029123      0.5075626      0.5194035      0.4722151      0.4585629      0.4036138      0.4519139      0.3942225      0.4737286    
 2003  0.4373330      0.4677407      0.4897137      0.4553329      0.4692732      0.5026402      0.5639073      0.5780091      0.5579447      0.5403653      0.4773848      0.3915516    
 2004  0.4551853      0.4768786      0.4392750      0.5163949      0.4483889      0.4081185      0.5034381      0.5189735      0.5082173      0.4776666      0.4586972      0.4261551    
 2005  0.4638283      0.4303479      0.4643210      0.4858406      0.4995473      0.5356036      0.5629967      0.5872921      0.5020854      0.4689627      0.4222245      0.3629635    
 2006  0.3786288      0.4176317      0.3851251      0.4413526      0.4476844      0.4897743      0.5155465      0.5454202      0.4922568      0.4596095      0.4895932      0.4761699    
 2007  0.5002987      0.4868371      0.4096082      0.4055340      0.4001168      0.4622934      0.4824980      0.4052029      0.3606372      0.3150805      0.2664580      0.2097343    
 2008  0.2370204      0.2488034      0.3146355      0.3273293      0.3661347      0.3803806      0.4742271      0.4899688      0.4817162      0.4041912      0.3392664      0.3469411    
 2009  0.4049254      0.3537224      0.3898314      0.4480215      0.5085508      0.6369950      0.6542672      0.6345685      0.5028738      0.5335969      0.5033546      0.5899640    
 2010  0.5668052      0.5810207      0.5732821      0.6359692      0.5915883      0.5709437      0.6194111      0.5615829      0.4712664      0.4125404      0.3327991      0.3430378    
 2011  0.3640092      0.3848187      0.4014290      0.4180375      0.4369322      0.4888235      0.5295026      0.4913566      0.4042983      0.3292482      0.3656619      0.3207758    
 2012  0.3284280      0.3595352      0.3658637      0.4480991      0.5199007      0.5222920      0.5662231      0.5841776      0.5617307      0.5462700      0.5367661      0.4539202    
 2013  0.4018954      0.4434201      0.4270239      0.4816942      0.5229610      0.4634258      0.6109930      0.6008505      0.5667666      0.4930653      0.5531775      0.4537328    
 2014  0.4668563      0.4539839      0.4831027      0.6036849      0.6294990      0.6882928      0.6819993      0.7582029      0.7250742      0.6369782      0.5791939      0.5702788    
 2015  0.5831768      0.5555328      0.5739575      0.7088237      0.7373829      0.7311000      0.8083729      0.7878243      0.8480973      0.8140606      0.8093439      0.8439803    
 2016  0.8673969      0.7616532      0.8377703      0.8060838      0.7495524      0.7796128      0.8208534      0.7830517      0.7155672      0.7233340      0.5950843      0.5767280    
 2017  0.6516241      0.6964377      0.6968608      0.7636656      0.7054585      0.6999888      0.7512554      0.7742900      0.6448754      0.6513467      0.5923172      0.4935359    
 2018  0.5384958      0.5144460      0.5848537      0.6418196      0.6730604      0.6525705      0.6495965      0.6825089      0.6730853      0.7033719      0.7241506      0.7025748    
